0.01
0.068
0.156
0.166
0.25800002
0.374
0.438
0.40600002
0.496
0.498
0.54199994
0.64199996
0.622
0.63199997
0.71800005
0.708
0.71400005
0.708
0.726
0.72800004
0.71999997
0.77400005
0.778
0.774
0.81
0.778
0.79200006
0.75600004
0.804
0.8080001
0.822
0.798
0.8260001
0.81000006
0.834
0.856
0.822
0.84599996
0.86
0.83000004
0.86800003
0.87399995
0.8460001
0.85200006
0.868
0.88400006
0.87
0.85800004
0.86
0.88
0.91400003
0.918
0.89
0.90999997
0.91200006
0.90400004
0.902
0.91
0.91800004
0.908
0.90200007
0.93000007
0.9340001
0.938
0.92800003
0.94
0.9240001
0.93
0.94200003
0.8920001
0.9340001
0.93
0.934
0.926
0.9280001
0.956
0.9480001
0.94600004
0.95600003
0.94400007
0.95000005
0.956
0.966
0.94
0.938
0.956
0.95800006
0.95000005
0.95600003
0.94000006
0.9520001
0.958
0.966
0.95800006
0.95600003
0.96999997
0.95800006
0.938
0.964
0.97400004
0.968
0.95800006
0.97200006
0.97
0.962
0.9620001
0.968
0.95400006
0.96000004
0.96800005
0.9820001
0.96800005
0.958
0.972
0.96000004
0.964
0.978
0.972
0.97200006
0.952
0.978
0.98
0.976
0.9800001
0.98
0.97
0.9700001
0.968
0.98600006
0.9840001
0.97400004
0.98600006
0.9780001
0.9920001
0.97800004
0.9760001
0.98000014
0.982
0.98200005
0.98200005
0.98800004
0.98600006
0.978
0.9820001
0.98399997
0.98
0.9820001
0.984
0.98
0.98
0.98800004
0.99
0.978
0.98
0.9740001
0.99399996
0.982
0.99
0.99200004
0.98599994
0.99
0.98800004
0.99000007
0.9920001
0.98
0.976
0.98600006
0.9920001
0.9840001
0.9920001
0.99600005
0.9840001
0.98399997
0.986
0.9800001
0.98600006
0.9760001
0.98600006
0.99000007
0.9900001
0.9820001
0.99200004
0.9820001
0.99
0.98600006
0.98600006
0.9940001
0.98600006
0.99200004
0.99000007
0.982
0.9920001
0.99800014
0.98600006
0.988
0.98600006
0.99
0.98
0.9940001
0.9920001
0.9940001
0.99
0.98800004
0.9940001
0.9940001
0.98600006
0.9900001
0.99600005
0.98
0.9940001
0.99600005
0.9920001
0.9920001
0.99
0.98599994
1.0000001
0.9940001
0.99600005
0.99200004
0.98800004
0.99
0.99200004
0.9840001
0.98800004
0.992
0.992
0.98399997
1.0000001
0.992
0.99600005
0.9940001
1.0000001
0.98600006
0.97800004
0.992
0.99
0.98800004
0.9840001
0.992
0.986
0.99
0.99
0.992
0.99
0.9940001
0.992
0.99
0.9920001
0.98600006
0.99600005
0.992
0.9960001
0.98200005
0.9840001
0.98800004
0.976
0.98
0.98800004
0.98600006
0.984
0.99200004
0.9820001
0.98800004
0.98800004
0.9840001
0.98600006
0.98800004
0.96999997
0.98800004
0.99600005
0.98
0.982
0.9800001
0.99600005
0.99
0.9980001
0.99600005
0.98600006
0.98600006
0.99600005
0.98800004
0.9900001
0.9880001
0.99
0.9920001
0.99000007
0.98599994
0.98
0.99600005
0.9940001
0.99800014
0.99
0.99
0.9940001
0.99
0.9960001
0.998
0.984
0.9920001
0.998
0.98800004
0.9940001
0.99
0.98800004
0.99
0.99600005
0.99
0.98600006
0.99600005
0.98600006
0.998
0.98800004
0.98800004
0.99
0.9900001
0.98800004
0.99600005
0.99600005
0.9940001
0.986
0.99000007
0.984
0.9920001
0.978
0.99200004
0.99600005
0.988
0.994
0.98
0.99600005
0.9940001
1.0000001
0.99200004
0.99
0.9940001
0.99600005
0.98800004
0.9940001
0.9920001
0.99600005
0.99600005
0.9940001
1.0000001
0.99200004
0.9940001
0.9940001
0.99600005
0.99800014
0.9920001
0.9920001
0.9900001
0.99600005
0.98600006
0.9940001
0.9920001
0.9960001
0.99000007
1.0000001
0.9940001
0.9940001
0.998
0.998
0.9840001
0.98600006
0.98800004
0.9920001
0.99200004
0.9940001
0.98200005
0.99000007
0.99800014
0.9940001
1.0000001
0.99600005
0.99600005
0.99600005
0.9920001
0.99000007
0.9920001
0.98600006
0.99800014
0.99000007
0.992
0.9920001
0.99600005
0.99600005
0.9920001
0.9940001
0.9900001
0.9980001
0.98600006
0.9940001
0.9940001
0.99800014
0.9920001
0.9940001
0.98600006
0.99600005
0.9960001
0.9879999
0.99
0.99800014
0.9900001
0.9879999
0.9940001
0.9960001
0.992
0.9920001
0.9940001
0.9940001
0.9920001
0.9920001
0.98600006
0.99600005
0.9920001
0.98800004
0.98600006
0.9940001
0.998
0.9920001
0.9940001
0.9940001
0.99
0.99800014
0.9920001
0.99200004
0.99
0.98200005
0.99000007
0.98399997
0.99800014
0.998
0.9920001
0.99200004
0.992
0.9940001
0.9880001
0.998
0.986
0.992
0.99600005
0.9940001
0.98600006
0.99600005
0.984
0.99
0.9920001
0.9940001
0.98800004
0.984
0.9880001
0.9840001
0.9840001
0.984
0.9940001
1.0000001
0.98600006
0.99
0.98800004
0.99000007
0.99200004
0.99
0.9960001
0.9920001
0.98800004
0.99
0.9920001
0.992
0.9940001
0.9940001
0.9920001
0.98600006
0.98800004
0.99200004
0.984
0.9900001
0.98800004
0.9940001
0.98800004
0.9960001
0.9880001
0.9920001
0.9920001
0.99600005
0.9900001
0.982
0.982
0.99
0.99
0.99600005
0.99
0.9940001
0.992
0.9940001
0.9880001
0.99
0.99
0.994
0.9920001
0.99200004
0.9920001
0.99800014
0.984
0.99600005
0.99
0.9940001
0.98600006
0.986
0.99600005
0.992
0.994
0.9960001
0.98800004
0.98800004
0.99
0.99600005
0.9920001
0.9920001
0.992
0.98600006
0.992
0.9920001
0.9940001
0.9940001
0.988
0.99600005
0.9840001
0.9880001
0.984
0.9840001
0.98800004
0.98800004
0.9940001
0.99
0.9920001
0.9940001
0.99200004
0.992
0.98399997
0.992
0.98800004
0.98800004
0.986
0.9880001
0.9900001
0.9940001
0.99000007
0.99000007
0.9940001
0.9920001
0.992
0.99200004
0.98800004
0.99600005
0.99600005
0.99600005
0.99600005
0.9920001
0.99200004
0.9920001
0.99200004
0.9840001
0.99600005
0.99600005
0.99
0.98600006
0.98600006
0.992
0.9980001
0.98800004
0.9960001
0.99200004
0.99200004
0.99600005
0.98800004
0.9940001
0.99200004
0.9940001
0.992
0.99
0.99399996
0.99
0.99
0.98800004
0.99600005
0.9940001
0.998
0.99600005
0.99
0.9940001
1.0000001
0.992
0.99200004
0.9920001
0.99200004
0.9940001
0.99399996
0.9940001
0.9920001
0.9940001
0.99200004
0.99600005
0.99800014
0.9940001
0.998
0.9920001
0.98600006
0.9980001
0.9940001
0.98999995
0.98600006
0.998
0.99600005
0.9980001
0.99600005
0.9940001
0.99
0.9920001
0.98800004
0.99
0.9940001
0.99
0.99
0.99200004
0.99600005
1.0000001
0.99600005
0.99
0.9940001
0.9940001
0.998
0.99000007
0.99600005
0.9940001
0.99200004
0.99600005
0.998
0.9920001
0.9940001
1.0000001
0.988
0.992
0.9940001
0.9940001
0.992
0.9940001
0.992
0.99
0.9920001
0.99200004
1.0000001
0.99
0.9940001
0.98800004
0.98600006
0.9940001
0.99
0.99200004
0.986
0.99
0.9940001
0.99
0.9920001
0.98800004
0.98399997
0.97800004
0.99600005
0.998
0.9920001
0.99600005
0.99600005
0.998
0.99200004
0.99600005
0.9920001
0.99399996
0.992
0.99600005
0.99000007
0.99600005
0.9940001
0.9940001
0.99600005
0.99600005
0.99600005
0.99600005
0.9940001
0.99000007
0.9940001
0.9940001
0.9960001
0.98800004
0.99800014
0.9880001
0.98800004
0.9940001
0.98600006
0.9920001
1.0000001
0.9920001
1.0000001
0.99200004
0.992
0.9920001
0.99000007
0.998
0.9840001
0.992
0.998
0.9980001
0.97800004
0.98200005
0.9920001
0.99
0.998
0.998
0.99600005
0.9940001
0.98800004
0.98800004
0.99600005
0.99200004
0.9940001
0.99600005
0.99200004
0.9940001
0.9940001
1.0000001
0.9940001
0.984
0.98600006
0.998
0.9940001
0.99600005
0.99
0.99800014
0.99600005
0.9940001
0.9940001
0.998
0.9920001
0.98600006
0.99800014
0.99800014
0.99200004
0.9940001
0.99600005
0.99600005
0.9920001
0.99800014
1.0000001
0.98800004
0.992
1.0000001
0.99600005
0.99600005
0.98800004
0.998
0.9879999
0.9940001
0.9940001
0.994
0.99600005
0.99600005
0.9980001
1.0000001
0.998
0.99600005
0.9900001
0.99600005
0.9940001
0.98800004
0.99600005
0.98
0.99600005
0.99600005
0.98800004
0.9940001
0.9940001
0.99
0.99600005
0.9940001
0.99200004
0.99600005
0.98800004
0.99000007
0.986
0.98800004
0.99600005
0.982
0.9940001
0.99
0.9920001
0.99000007
0.9940001
0.99800014
0.9920001
0.992
0.9940001
0.99
0.99600005
0.998
0.9940001
0.9920001
0.99800014
0.99000007
0.99800014
0.99800014
0.99000007
0.9940001
0.99800014
0.98800004
0.9940001
0.99200004
0.992
0.99600005
0.9960001
0.99800014
0.998
0.9940001
1.0000001
0.99800014
0.992
0.9940001
0.9940001
0.9940001
0.98800004
0.992
0.99
0.9920001
0.99600005
0.9920001
0.9920001
0.994
0.998
0.99600005
0.99400014
0.9960001
0.9940001
0.9940001
0.9920001
0.98800004
0.99200004
0.99200004
0.998
0.99399996
0.98800004
0.992
0.992
0.998
0.992
0.99600005
0.9900001
0.9920001
0.99600005
0.9940001
0.998
0.9940001
0.99600005
0.98800004
0.99600005
0.998
0.99600005
0.992
0.99800014
0.992
0.9940001
0.992
0.98200005
0.98
0.99600005
0.98800004
0.986
0.99
0.99600005
0.99000007
0.9940001
0.9940001
0.998
1.0000001
0.9920001
0.992
0.9940001
0.99600005
0.998
0.99
0.99000007
0.9940001
0.99800014
0.9940001
0.9940001
0.99600005
0.99
0.99
0.9940001
0.99600005
0.992
0.99
0.994
0.99399996
1.0000001
0.99600005
0.998
0.99600005
0.9880001
0.998
1.0000001
0.99800014
0.992
0.99600005
0.998
1.0000001
0.99
0.9900001
0.98600006
0.994
0.992
1.0000001
0.998
0.9940001
0.984
0.9940001
0.9980001
1.0000001
0.99200004
0.99600005
0.99
0.998
0.9880001
0.98399997
0.99
0.9920001
0.9980001
0.99400014
0.9920001
0.9940001
0.986
0.9940001
0.994
0.9940001
0.9920001
0.99000007
0.99000007
0.99600005
0.99000007
0.99600005
0.9920001
0.998
0.99600005
0.97200006
0.9280001
0.898
0.9760001
0.9980001
0.9940001
0.9880001
0.98399997
0.98800004
0.9960001
0.98600006
0.98600006
0.982
0.99000007
0.98600006
0.9940001
0.98800004
0.99
0.9820001
0.99200004
0.9940001
0.9940001
0.99200004
0.99600005
0.99200004
0.9920001
0.992
0.99600005
0.992
0.99800014
0.99200004
0.9880001
0.992
0.998
0.98600006
0.992
0.9940001
0.99600005
0.9940001
0.99600005
0.9920001
0.99600005
0.99800014
0.9940001
0.99
0.998
0.98600006
0.99
0.9940001
0.99200004
0.99
0.99
0.9920001
0.98600006
0.99600005
0.994
0.99
0.99
0.9920001
0.99
0.99000007
0.9840001
0.998
0.992
0.9860001
0.99600005
0.9840001
0.9940001
0.99600005
0.9940001
0.994
0.9920001
0.99800014
0.9900001
0.99600005
0.9940001
0.9920001
0.992
0.9940001
0.98800004
0.99
0.99200004
0.99600005
1.0000001
0.99600005
0.9920001
0.99
0.9940001
0.9940001
0.99600005
0.9940001
0.998
0.9960001
0.9940001
0.9980001
0.99600005
0.99600005
0.9920001
0.99600005
0.9940001
0.9920001
0.99
0.9880001
0.992
0.99399996
0.99600005
0.99
0.9920001
0.99600005
0.992
0.99600005
0.99800014
1.0000001
0.9920001
0.98800004
0.9940001
0.99600005
0.98800004
0.9940001
0.988
0.9940001
0.9940001
0.9940001
0.99399996
0.994
0.99800014
0.9940001
0.99200004
0.99200004
0.9940001
0.9940001
0.99600005
0.9940001
0.9940001
0.9920001
0.992
0.99600005
0.99
0.99400014
0.998
0.9940001
0.99000007
0.98600006
1.0000001
0.992
0.9920001
0.9940001
0.99399996
0.992
0.9920001
0.99200004
0.9900001
0.9940001
0.99600005
0.99600005
0.99600005
0.98600006
0.99600005
0.99800014
0.998
0.98600006
0.9940001
0.9920001
0.9920001
0.99200004
0.99200004
0.992
0.99600005
0.99600005
0.9940001
0.9940001
0.99600005
0.98800004
0.99600005
0.9940001
0.9920001
0.9940001
0.99
0.9940001
0.998
0.998
0.99399996
0.9960001
0.9960001
0.9920001
0.99600005
0.99600005
0.99600005
0.9940001
0.99
0.998
0.98
0.9820001
0.99
0.986
0.9940001
0.998
0.99600005
0.99600005
0.99600005
0.9940001
0.9940001
0.99800014
0.998
0.99800014
0.99600005
0.99600005
0.992
0.992
0.9940001
0.99200004
0.9940001
0.99600005
0.98800004
0.992
0.9940001
0.9940001
0.992
0.99600005
1.0000001
0.99
0.99800014
0.992
0.998
0.9940001
0.9920001
0.992
0.98600006
0.9940001
0.9960001
0.99000007
0.99000007
0.98600006
0.9920001
0.99399996
0.99
0.99600005
0.99
0.988
0.906
0.98800004
0.99200004
0.98800004
0.99399996
0.992
0.9940001
0.99600005
0.98800004
0.9940001
0.99800014
0.9940001
0.9980001
0.99600005
0.9940001
0.9940001
0.99600005
0.99200004
0.992
0.992
0.9940001
0.992
0.98800004
0.9940001
0.9880001
0.99000007
0.99600005
0.988
0.99800014
0.9880001
0.99800014
0.9940001
0.9940001
0.99600005
0.99600005
0.9940001
0.9940001
0.99600005
0.99800014
0.99600005
0.98800004
0.99200004
0.9940001
0.99
0.9920001
0.998
0.9940001
0.998
0.9940001
1.0000001
0.9900001
0.98399997
0.9840001
0.9920001
0.99200004
0.99600005
0.98600006
0.99
0.99600005
0.988
0.99600005
0.9920001
0.99200004
1.0000001
0.9940001
0.99600005
1.0000001
0.99800014
0.98800004
0.98800004
0.98800004
0.98600006
0.99
0.98200005
0.9900001
0.9940001
0.984
0.99
0.994
0.9920001
0.99
0.9840001
0.92200005
0.966
0.9820001
0.99
0.9940001
0.98399997
0.994
0.9940001
0.99600005
0.998
0.992
0.99
0.9940001
0.992
0.99
0.98800004
0.99200004
0.98800004
0.98800004
0.99600005
0.9880001
0.994
0.9980001
0.99600005
0.9940001
0.9980001
0.98800004
0.9920001
0.9880001
0.9900001
0.99000007
0.99
0.998
0.9940001
0.99000007
0.9940001
0.9940001
0.99200004
0.99200004
0.99600005
0.99600005
0.9940001
0.99600005
0.99
0.99
0.99600005
0.99000007
0.992
0.9940001
0.99600005
0.99600005
0.998
0.9920001
0.99600005
0.998
0.998
0.9940001
0.99
0.99600005
0.99800014
0.99
0.99600005
0.9940001
0.99800014
0.992
0.9920001
0.9940001
0.99600005
0.99600005
0.99
0.99600005
1.0000001
0.9880001
0.9960001
0.9880001
0.99000007
0.98800004
0.9900001
0.9920001
0.99800014
0.998
0.99800014
0.99600005
0.998
0.9940001
0.98800004
0.98600006
0.98600006
0.9900001
0.99600005
0.99600005
1.0000001
0.99000007
0.99600005
0.99
0.9960001
0.992
0.9940001
0.9940001
0.9980001
0.99600005
0.99600005
0.99800014
0.9920001
0.9960001
0.98600006
0.99200004
0.99600005
0.9920001
0.99600005
0.99600005
0.98599994
0.99200004
0.99
0.9920001
0.9940001
0.9920001
0.998
0.9920001
0.99
0.99600005
0.9940001
0.99
0.998
0.9940001
0.99200004
0.98800004
0.9940001
0.998
0.9940001
0.9940001
1.0000001
1.0000001
0.9920001
0.99600005
0.98800004
0.9840001
0.9940001
0.98800004
0.99200004
0.9940001
0.9940001
0.994
0.978
0.9920001
0.99200004
0.992
0.998
0.98
0.99
0.99
0.99600005
0.99800014
0.9920001
0.9940001
0.9940001
0.9940001
0.99600005
0.97800004
0.97
0.98600006
0.98800004
0.994
0.992
0.998
0.99600005
0.9920001
0.998
0.99600005
0.99
0.992
0.9960001
0.99600005
0.99600005
0.992
0.9940001
0.99600005
0.99800014
0.99800014
0.982
0.99000007
0.984
0.982
0.984
0.99600005
0.99600005
0.9980001
0.98800004
0.99600005
0.9940001
0.9800001
0.992
0.99600005
0.99800014
0.99600005
0.998
0.99600005
0.99600005
0.9900001
0.99
0.992
0.9940001
0.998
0.9980001
0.9940001
0.9940001
0.9940001
0.99600005
0.99600005
0.99600005
0.9920001
0.98800004
0.99600005
0.99200004
0.99
0.98399997
0.98800004
0.964
0.98399997
0.9940001
0.97200006
0.99000007
0.99000007
0.992
0.984
0.98
0.98800004
0.99200004
0.99
0.99600005
0.99200004
0.9940001
0.9920001
0.998
0.992
0.992
0.99
0.99
0.998
0.99600005
0.98800004
0.992
0.9940001
0.94600004
0.9840001
0.9940001
0.98600006
0.894
0.98800004
0.9880001
0.99
0.992
0.992
0.99
0.99
0.9940001
0.98399997
0.99200004
0.992
0.97
0.90200007
0.93399996
0.984
0.99200004
0.9940001
0.9940001
0.998
0.992
0.9920001
0.9920001
0.994
0.9920001
0.9900001
0.998
0.99800014
0.992
0.982
0.99800014
0.9900001
0.9940001
0.988
0.99600005
0.9960001
0.99600005
0.992
0.9940001
0.99200004
0.98800004
0.99600005
0.9940001
0.9940001
0.99600005
0.998
0.9940001
0.988
0.9940001
0.99600005
0.99600005
1.0000001
0.9920001
0.99600005
0.9940001
0.99000007
0.9940001
0.99600005
0.99800014
0.99399996
0.99200004
0.9940001
0.90000004
0.81600004
0.8319999
0.91200006
0.94
0.962
0.924
0.8720001
0.9460001
0.982
0.954
0.90200007
0.90000004
0.9880001
0.978
0.9620001
0.982
0.9880001
0.96000004
0.99600005
0.82799995
0.85
0.92
0.82799995
0.91200006
0.90000004
0.888
0.86200005
0.8
0.834
0.812
0.83400005
0.826
0.8740001
0.922
0.906
0.93200004
0.9560001
0.946
0.9460001
0.9200001
0.906
0.90400004
0.8900001
0.94
0.96000004
0.9480001
0.9920001
0.99
0.9940001
0.98800004
0.99
0.98600006
0.9940001
0.99600005
0.99600005
0.93
0.9020001
0.85600007
0.83
0.8720001
0.888
0.878
0.85400003
0.84800005
0.796
0.782
0.796
0.88600004
0.90400004
0.924
0.934
0.946
0.9480001
0.98600006
0.94799995
0.94000006
0.94200003
0.96599996
0.96000004
0.94
0.94000006
0.964
0.958
0.966
0.9800001
0.99
0.9900001
0.99600005
0.99800014
0.99600005
0.98800004
0.99800014
0.99200004
0.9920001
0.98800004
0.9940001
0.98600006
0.9940001
0.99800014
1.0000001
0.99600005
0.9980001
0.992
0.99600005
0.992
0.99600005
0.99
0.992
0.98800004
0.9940001
0.998
0.9940001
0.99
0.9920001
0.99
0.982
0.9940001
1.0000001
0.99
0.9940001
0.9940001
0.9940001
0.98600006
0.9940001
0.992
0.9940001
0.99200004
0.992
0.9940001
0.9940001
0.99000007
0.9940001
0.9920001
0.998
1.0000001
0.9940001
0.99
0.9940001
0.99600005
0.99800014
0.9920001
0.9940001
0.99
0.98800004
0.9940001
0.99800014
0.99600005
0.9920001
0.9960001
0.992
0.95800006
0.98600006
0.9940001
0.99
0.9940001
0.99
0.9920001
0.99600005
0.9980001
0.9920001
0.99600005
0.99600005
0.99600005
0.9940001
0.992
0.9940001
0.962
0.792
0.83000004
0.84599996
0.82199997
0.84000003
0.908
0.97400004
0.96800005
0.94399995
0.99000007
1.0000001
0.9820001
0.98600006
0.9660001
0.98
0.98800004
0.99
0.954
0.97400004
0.988
0.96800005
0.87799996
0.82
0.818
0.87000006
0.96800005
0.97800004
0.92200005
0.98
0.986
0.99000007
0.9940001
0.99800014
0.98600006
0.986
0.992
0.98600006
0.98800004
0.984
0.992
0.9920001
0.9940001
0.9920001
0.9940001
0.99800014
0.992
0.986
0.986
0.976
0.98200005
0.97599995
0.982
0.9800001
0.93400013
0.862
0.804
0.83
0.90400004
0.97400004
0.9920001
0.97599995
0.9840001
0.976
0.888
0.862
0.842
0.88000005
0.92600006
0.944
0.98399997
0.9740001
0.95
0.946
0.972
0.984
0.99200004
0.9900001
0.992
0.98600006
0.978
0.9940001
0.9900001
0.98800004
0.97
0.98600006
0.9820001
0.98200005
0.99600005
0.998
0.98
0.9800001
0.9800001
0.9920001
1.0000001
0.99000007
0.9940001
0.99600005
0.9920001
0.99
0.972
0.994
0.992
0.99600005
0.98599994
0.9940001
0.99600005
0.992
0.9940001
0.992
0.99000007
0.99800014
0.9920001
0.99600005
0.9920001
0.99
0.9940001
0.9920001
0.98999995
1.0000001
1.0000001
0.99
0.99600005
0.99600005
0.9940001
1.0000001
0.9940001
1.0000001
0.998
0.99000007
0.9940001
0.99600005
0.99
0.98800004
0.99800014
0.992
0.9900001
0.99000007
0.998
0.992
0.99
0.99600005
0.99
0.98600006
0.992
0.998
0.9940001
0.99800014
0.9940001
0.99600005
0.992
0.9920001
0.99600005
0.99800014
0.98800004
1.0000001
0.99600005
0.9940001
0.99
0.9980001
0.9940001
0.99
0.9940001
0.9980001
0.99800014
0.9940001
0.99800014
0.9940001
0.99
0.98800004
0.99600005
0.9920001
0.99
0.9920001
0.9940001
0.99
0.99600005
0.99600005
0.9940001
0.9940001
0.99
0.99600005
0.992
0.9920001
0.9940001
0.9940001
0.99600005
0.99
0.99600005
0.99200004
0.9940001
0.9940001
0.99600005
0.99
0.9940001
1.0000001
0.98800004
0.998
0.98200005
0.97
0.94000006
0.896
0.856
0.79
0.8880001
0.96800005
0.994
1.0000001
0.9940001
0.99
0.99600005
0.99600005
0.9940001
0.9880001
0.998
0.9900001
0.992
0.98800004
0.9920001
0.9860001
0.9920001
0.99800014
0.992
0.998
0.992
0.99600005
0.992
0.99200004
0.9900001
0.9920001
0.99600005
0.99
0.99
0.99800014
0.99800014
0.99600005
0.99600005
1.0000001
0.9940001
0.9920001
0.99
0.984
0.99200004
0.99000007
0.992
0.99000007
0.994
0.9960001
1.0000001
0.9940001
0.99000007
0.98800004
0.9960001
0.99
0.99200004
0.9940001
0.9880001
0.99600005
0.976
0.9600001
0.99
0.99800014
0.982
0.99
0.99
0.9960001
0.99
0.99600005
0.992
0.99
0.99
0.98600006
0.992
0.9940001
0.998
0.99600005
0.99600005
0.99800014
0.998
0.9940001
0.99600005
0.99600005
0.99600005
0.96800005
0.9940001
0.99200004
0.99
0.9940001
0.99600005
0.99800014
0.99800014
0.99600005
0.992
0.99600005
0.99600005
0.9980001
0.9940001
0.9880001
0.9920001
0.99200004
0.99600005
0.99600005
0.998
0.98800004
0.98800004
0.98800004
0.9380001
0.91
0.93200004
0.972
0.9940001
0.99600005
0.9980001
0.9920001
0.992
0.99600005
0.9920001
0.992
1.0000001
0.99
0.99600005
0.998
0.99400014
0.98
0.998
0.9940001
0.99600005
0.9940001
0.9920001
0.998
0.9940001
0.992
0.9940001
0.992
0.9940001
0.9920001
0.99200004
0.98800004
0.99600005
0.9920001
0.99600005
0.99800014
0.99600005
0.99
0.99600005
0.99600005
0.98800004
0.99200004
0.98200005
0.858
0.85400003
0.84400004
0.912
0.91999996
0.93200004
0.97200006
0.98800004
0.9920001
0.9920001
0.986
0.99600005
0.99000007
0.9940001
0.986
0.9920001
0.992
0.9940001
0.99
0.9900001
0.98600006
0.99200004
0.99
0.99
0.964
0.94600004
0.96800005
0.986
0.9920001
0.9900001
0.99
0.9660001
0.93200004
0.992
0.99
0.98600006
0.99200004
0.99
0.99000007
0.9920001
0.97599995
0.98600006
0.9940001
0.99600005
1.0000001
0.99
0.9940001
0.99600005
0.98999995
0.98800004
0.99800014
0.9940001
0.9940001
0.99
0.99200004
0.99200004
0.99600005
0.99200004
0.98600006
0.99800014
0.99600005
0.9920001
0.9940001
0.88199997
0.9
0.906
0.91600007
0.93600005
0.9660001
0.944
0.9300001
0.9380001
0.98200005
0.97800004
0.98600006
0.9800001
0.966
0.98399997
0.98800004
0.9840001
0.9760001
0.984
0.972
0.974
0.97400004
0.98800004
0.974
0.96400005
0.95400006
0.92600006
0.906
0.95400006
0.99000007
0.99600005
0.99000007
0.98600006
0.98800004
0.9840001
0.99
0.98800004
0.9940001
0.994
0.992
0.9760001
0.99
0.99600005
0.9920001
0.9920001
0.99399996
0.99
0.966
0.9800001
0.964
0.97800004
0.99600005
0.992
0.9940001
0.99
0.97800004
0.976
0.99600005
0.9940001
0.9920001
0.99600005
0.99600005
0.9940001
0.9940001
0.9920001
0.9940001
0.992
0.982
0.95600003
0.90200007
0.97800004
0.9940001
0.99600005
0.99
0.9940001
0.99
0.9920001
0.99200004
0.99200004
0.9940001
0.992
0.99600005
0.98800004
0.99800014
0.99
0.9940001
0.992
0.99800014
1.0000001
0.99600005
0.9940001
0.9920001
0.99600005
0.9940001
0.88
0.9820001
0.9920001
0.98800004
0.99
0.9920001
0.9940001
0.9940001
1.0000001
0.9940001
0.9920001
0.9900001
1.0000001
0.99600005
0.99800014
0.99600005
0.99000007
0.976
0.9920001
1.0000001
0.99600005
0.99600005
0.99200004
0.98800004
0.99200004
0.99800014
0.99600005
0.99600005
0.9940001
0.998
0.984
0.9920001
0.99600005
0.99600005
0.9940001
0.99
0.98800004
0.99200004
0.9940001
0.9920001
0.99800014
0.99600005
0.98600006
0.99800014
0.98800004
0.98600006
0.99600005
0.96999997
0.96200013
0.924
0.94600004
0.962
0.99
0.99399996
0.99
0.96800005
0.97400004
0.9940001
0.99600005
0.984
0.9960001
0.9940001
0.9920001
0.992
0.9920001
0.99000007
0.9920001
0.99600005
0.99600005
0.9920001
0.99
0.99
0.99
0.99000007
0.9940001
0.99
0.99800014
0.99399996
0.994
0.99800014
0.99800014
0.97400004
0.9800001
0.978
0.998
0.99200004
0.994
0.998
0.9940001
0.9940001
0.98800004
0.988
0.99600005
0.99800014
0.998
0.9840001
0.9940001
0.998
0.992
0.99
0.9940001
0.99
0.9940001
0.99
0.99600005
0.99600005
0.99800014
0.9920001
0.99200004
0.99600005
0.98800004
0.98599994
0.9940001
0.99200004
0.9900001
0.9960001
1.0000001
1.0000001
0.998
0.98399997
0.9940001
0.998
0.98800004
0.98800004
0.998
0.99600005
0.9940001
0.99000007
0.992
1.0000001
0.99600005
0.99200004
0.9880001
0.9920001
0.99800014
1.0000001
0.994
0.9900001
0.99600005
0.99600005
0.998
0.99
0.9920001
0.9940001
0.9960001
0.99
0.99800014
0.99600005
0.99600005
0.98399997
0.9840001
0.99800014
0.9940001
0.99000007
0.998
0.9940001
0.99600005
0.9960001
0.99600005
0.998
0.99600005
0.99
0.99600005
0.99800014
1.0000001
0.9920001
0.9940001
0.99200004
0.99600005
0.99200004
0.99
0.99399996
0.99600005
0.98800004
0.99800014
0.9940001
0.9940001
0.9940001
0.98800004
0.982
0.99
0.9940001
0.984
0.99600005
0.98800004
0.99200004
0.9940001
0.9940001
0.98600006
0.9940001
0.99600005
0.9900001
0.98800004
0.9940001
0.98800004
0.992
0.992
0.99600005
0.9920001
0.99800014
0.9940001
0.9920001
0.9900001
0.99
0.9920001
0.998
0.98800004
0.992
0.99600005
0.992
0.98599994
0.998
0.98800004
1.0000001
0.9940001
0.952
0.916
0.992
0.9940001
0.994
0.992
0.998
1.0000001
0.9940001
0.98600006
0.99000007
0.816
0.84199995
0.95600003
0.99600005
0.99600005
0.99600005
0.99200004
0.99200004
1.0000001
0.99600005
0.9940001
0.9840001
0.99800014
0.99200004
0.99000007
0.98800004
0.99200004
0.99600005
0.9940001
0.99
0.98600006
0.9920001
0.99
0.98600006
0.99000007
0.99600005
0.992
0.9940001
0.98399997
0.9940001
0.98200005
0.99600005
0.99
0.99
0.9520001
0.93200004
0.93
0.898
0.98200005
0.98800004
0.982
0.98800004
0.99200004
0.99000007
0.98800004
0.9940001
0.99000007
0.9520001
0.976
0.99
0.99
0.99
0.998
0.9940001
0.9840001
0.9940001
0.9940001
0.99000007
0.98600006
0.98
0.98800004
0.98600006
0.9760001
0.986
0.9920001
0.99
0.9920001
0.99200004
0.9940001
0.9940001
0.9940001
0.99000007
0.99600005
0.99800014
0.99200004
0.99
0.99399996
0.9940001
0.99600005
0.998
0.994
0.99
0.98800004
0.99200004
0.9940001
0.9960001
0.99600005
0.99600005
0.99600005
0.9940001
0.99600005
0.9960001
0.9940001
0.98800004
0.99600005
0.99
0.98800004
0.98800004
0.99600005
0.99600005
0.99200004
0.99200004
0.998
0.98800004
0.946
0.908
0.99
0.9940001
0.9920001
0.98800004
0.9900001
0.9920001
0.952
0.97400004
0.9940001
0.992
0.992
0.9920001
0.99800014
0.9940001
0.99
0.99600005
0.98600006
0.99600005
0.9940001
0.9920001
0.9980001
0.99600005
0.99200004
0.9940001
0.99600005
0.99
0.99399996
0.998
0.99600005
0.988
0.99399996
0.9940001
0.9940001
0.99200004
0.98600006
0.99400014
0.358
0.59000003
0.786
0.724
0.79
0.7760001
0.808
0.7720001
0.77000004
0.77199996
0.74399996
0.74799997
0.74399996
0.712
0.754
0.7299999
0.754
0.78
0.79399997
0.77800006
0.766
0.778
0.77199996
0.822
0.836
0.86800003
0.86600006
0.828
0.78
0.78199995
0.74399996
0.804
0.79
0.794
0.82799995
0.8520001
0.87
0.85200006
0.858
0.84599996
0.89199996
0.8640001
0.818
0.8640001
0.84400004
0.874
0.872
0.8920001
0.888
0.90200007
0.90400004
0.84400004
0.87799996
0.89800006
0.91200006
0.88
0.90000004
0.904
0.938
0.9560001
0.98
0.97400004
0.98600006
0.962
0.974
0.9940001
0.978
0.98800004
0.97800004
0.9660001
0.97800004
0.97999996
0.984
0.9880001
0.998
0.99600005
0.9940001
0.998
0.99
0.9960001
0.9940001
0.99800014
0.98800004
0.99800014
0.992
0.99399996
0.9960001
0.9920001
0.99600005
0.9940001
0.99000007
0.998
0.99600005
0.99200004
0.98800004
1.0000001
0.9940001
0.986
0.99800014
0.992
0.99600005
0.99600005
0.9880001
0.9940001
0.99600005
0.99
0.99800014
0.9940001
0.992
0.998
0.99600005
0.99
0.99600005
0.99800014
0.98800004
0.98000014
0.99600005
1.0000001
0.99600005
0.99200004
0.99600005
0.99200004
0.99200004
0.99
0.99
0.9940001
0.99600005
0.9900001
0.98600006
0.994
0.99399996
1.0000001
0.99600005
0.99800014
0.9940001
0.99800014
0.9920001
0.9940001
0.98800004
0.99
0.99600005
0.998
0.98800004
1.0000001
0.99600005
0.9940001
0.99600005
0.9880001
0.99200004
0.99399996
0.99600005
0.9940001
0.98800004
0.9940001
0.9940001
0.9940001
0.992
0.9940001
0.9940001
0.99
0.99800014
0.9920001
0.99000007
0.99600005
0.992
0.99800014
0.9900001
0.99600005
1.0000001
0.98800004
0.9940001
1.0000001
0.99
0.9980001
0.99000007
0.9940001
1.0000001
0.99600005
0.99
0.9940001
0.9940001
0.9840001
0.998
0.99600005
0.99200004
0.994
0.998
0.9940001
0.9920001
0.99600005
0.9960001
0.9940001
0.994
0.9940001
0.9940001
0.9940001
0.992
0.99
0.99600005
0.9940001
0.9920001
0.9900001
1.0000001
1.0000001
0.99600005
0.9940001
0.9960001
0.9980001
0.9940001
0.9940001
0.9920001
0.99600005
0.99200004
0.9940001
1.0000001
0.992
0.9880001
0.99
0.99600005
0.9920001
0.9920001
0.98800004
0.99
0.9940001
0.9920001
0.9940001
0.9940001
0.9940001
0.9940001
0.9900001
0.99600005
0.998
0.99800014
1.0000001
0.994
0.9900001
0.99000007
0.98800004
0.9940001
0.99800014
0.998
0.992
0.9940001
0.998
0.9920001
0.99600005
0.98600006
0.99
0.9940001
0.9940001
0.99000007
0.99200004
0.99000007
0.99600005
0.99200004
1.0000001
1.0000001
0.992
0.9920001
0.9920001
0.9940001
0.99000007
0.99600005
0.99600005
0.998
0.9880001
0.9920001
0.9920001
0.99600005
0.99200004
0.992
0.98800004
0.99600005
0.99600005
0.992
0.99000007
0.99200004
0.9980001
0.99
0.9940001
0.99600005
0.99
0.998
0.9980001
0.9940001
1.0000001
0.9940001
0.99
0.9940001
0.99600005
0.9920001
0.99600005
0.9920001
0.99600005
1.0000001
0.99600005
0.98800004
0.9920001
0.9880001
0.98600006
0.98800004
0.992
0.998
0.99800014
0.99600005
1.0000001
0.99800014
0.9940001
0.99200004
0.9920001
0.98800004
0.992
0.998
0.99200004
0.99600005
0.998
0.9940001
0.9940001
0.994
0.99
0.99
0.9940001
0.99200004
0.9940001
0.99600005
0.98800004
0.9940001
0.9940001
0.9920001
0.99
0.99
0.9940001
0.99
0.9880001
0.9940001
0.9980001
0.9940001
0.982
0.982
0.99600005
1.0000001
0.976
0.96400005
0.92200005
0.91400003
0.93600005
0.96800005
0.94600004
0.9660001
0.9760001
0.986
0.99
0.97800004
0.98800004
0.9940001
0.9920001
0.99200004
0.9940001
0.99600005
0.9940001
0.98599994
0.99800014
1.0000001
0.98599994
0.99600005
0.9940001
0.99600005
0.9960001
0.9940001
0.98800004
0.98599994
0.992
0.99600005
0.98600006
1.0000001
0.99000007
0.99600005
0.99600005
0.98399997
0.99000007
1.0000001
0.9940001
0.99600005
0.99800014
0.9940001
0.9920001
0.9940001
0.99600005
0.9940001
0.99600005
0.994
0.98200005
0.9820001
0.942
0.95400006
0.984
0.98600006
0.97800004
0.99000007
0.99200004
0.9920001
0.9920001
0.984
0.99600005
0.99600005
0.9940001
0.98800004
0.9940001
0.99600005
0.998
0.9940001
0.99
0.9920001
0.9940001
0.9920001
0.9980001
0.99
1.0000001
0.99000007
0.992
0.99600005
0.9940001
0.984
0.99600005
0.99000007
0.99600005
0.992
0.9840001
0.99
0.99600005
0.98800004
0.97599995
0.946
0.9760001
0.99600005
0.98800004
0.99600005
0.992
0.9940001
0.994
0.998
0.98800004
0.98800004
0.998
0.98800004
0.998
0.9940001
0.9940001
0.99600005
0.99600005
0.9920001
0.98800004
0.99600005
0.99600005
0.99600005
0.98600006
0.99
0.97400004
0.89000005
0.86600006
0.864
0.9560001
0.99
0.99600005
0.998
0.994
0.9920001
0.998
0.99800014
0.99
0.998
0.9940001
1.0000001
0.9920001
1.0000001
0.994
0.99800014
0.992
0.9940001
0.992
0.9920001
0.998
0.9940001
0.9940001
0.9940001
0.99600005
0.99200004
0.99600005
0.992
0.992
0.992
0.99800014
0.99200004
0.994
0.998
0.998
0.99600005
0.98399997
0.998
0.98600006
0.98600006
0.98800004
0.99000007
0.99600005
0.99
0.99600005
0.9960001
0.9960001
0.9940001
0.99600005
0.9940001
0.87600005
0.598
0.41600004
0.344
0.356
0.31
0.388
0.496
0.746
0.84800005
0.71400005
0.648
0.654
0.666
0.664
0.664
0.70799994
0.69200003
0.696
0.65
0.66600007
0.68799996
0.68799996
0.718
0.73600006
0.76000005
0.73800004
0.75600004
0.754
0.77199996
0.75200003
0.734
0.818
0.786
0.7720001
0.74600005
0.792
0.78400004
0.81000006
0.778
0.82000005
0.798
0.82600003
0.798
0.768
0.764
0.81000006
0.80799997
0.784
0.82400006
0.822
0.87
0.888
0.9000001
0.8600001
0.834
0.844
0.86600006
0.93200004
0.96200013
0.93200004
0.96000004
0.968
0.944
0.92200005
0.906
0.916
0.962
0.9460001
0.98
0.99
0.994
0.98600006
0.99200004
0.9940001
0.98800004
0.98800004
0.98800004
0.9800001
0.97400004
0.976
0.924
0.95000005
0.97
0.9660001
0.964
0.98800004
0.984
0.96800005
0.916
0.94200003
0.972
0.96799994
0.98399997
0.97800004
0.98600006
0.986
0.986
0.98800004
0.98600006
0.98600006
0.9800001
0.986
0.984
0.9879999
0.98200005
0.992
0.984
0.9940001
0.99600005
0.9940001
0.99000007
0.99600005
0.9940001
0.9940001
0.99600005
0.9940001
0.98600006
0.9940001
0.99600005
0.99
0.9740001
0.97
0.982
0.99399996
0.99
0.9940001
0.99200004
0.98600006
0.99600005
0.99399996
0.99600005
0.9940001
0.9940001
0.99600005
0.998
0.992
0.99
0.99800014
0.99600005
0.998
0.99
0.98800004
0.99
0.99000007
0.9940001
0.98800004
0.998
0.9920001
0.98800004
0.9940001
0.99600005
0.99000007
0.9940001
0.98800004
0.9920001
0.99600005
0.99600005
0.9920001
0.9940001
1.0000001
0.9940001
0.99600005
0.99
0.998
0.9940001
0.9920001
0.99600005
0.9940001
0.99600005
0.9940001
0.9920001
0.98600006
0.982
0.966
0.96400005
0.986
0.98599994
0.99600005
0.998
0.9940001
0.998
0.99
0.9940001
0.99
0.98800004
0.99600005
0.9940001
0.99000007
0.99600005
0.994
0.984
0.9920001
0.99600005
0.99200004
0.9980001
0.99600005
0.9940001
0.9920001
0.99600005
0.9980001
0.986
0.9940001
0.9940001
0.99200004
0.98599994
0.982
0.9900001
0.99600005
0.98800004
0.992
0.992
0.99600005
1.0000001
0.9920001
0.99200004
0.9920001
0.98800004
0.99000007
0.9940001
0.99200004
0.9940001
0.9980001
0.9940001
0.9900001
0.9940001
1.0000001
0.98800004
0.9920001
0.9940001
0.992
0.9940001
0.99
0.99600005
0.9920001
0.992
0.9940001
0.984
0.9920001
0.982
0.99000007
0.9920001
0.99600005
0.9940001
0.99600005
0.99800014
0.9900001
0.998
0.99600005
0.9880001
0.99
0.99
1.0000001
0.98800015
0.9920001
0.9940001
0.99
0.99
0.9920001
0.98800004
0.98
0.992
0.99
0.99600005
0.99200004
0.97800004
0.9940001
0.99600005
0.98800004
0.984
0.9940001
0.998
0.9960001
0.998
1.0000001
0.99600005
0.99000007
0.99600005
1.0000001
0.992
0.99600005
1.0000001
0.99600005
0.99600005
0.9900001
0.9940001
0.976
0.97400004
0.96400005
0.98600006
0.9920001
0.99600005
0.98200005
0.98399997
0.986
0.9840001
0.994
0.99399996
0.9920001
0.96200013
0.9340001
0.9080001
0.91600007
0.93200004
0.924
0.92800003
0.93200004
0.94600004
0.978
0.978
0.96400005
0.95800006
0.95000005
0.9620001
0.83000004
0.73
0.748
0.768
0.76400006
0.76400006
0.81200004
0.84800005
0.80999994
0.77
0.814
0.734
0.79600006
0.764
0.742
0.8
0.806
0.81000006
0.872
0.88
0.874
0.86600006
0.876
0.842
0.862
0.85200006
0.85600007
0.86800003
0.85600007
0.872
0.89800006
0.90400004
0.8820001
0.8640001
0.878
0.89199996
0.93999994
0.966
0.9940001
0.99600005
0.99600005
0.97800004
0.976
0.8640001
0.952
0.904
0.95800006
0.99600005
0.9940001
0.998
0.99600005
0.98600006
0.99600005
0.992
0.99600005
0.9940001
0.99800014
0.9880001
0.9940001
0.992
0.9940001
0.99
0.9920001
0.9940001
0.998
0.9940001
0.9920001
0.99
0.9800001
0.81799996
0.776
0.786
0.878
0.966
0.9940001
0.9940001
0.96400005
0.99000007
0.9980001
0.9940001
0.99600005
0.998
0.99399996
0.9879999
0.99600005
0.9820001
0.98399997
0.9940001
0.9920001
0.99
0.998
0.9960001
0.98800004
0.99600005
0.98600006
0.99
0.97800004
0.98800004
0.98600006
0.99800014
0.9940001
0.99800014
0.99600005
0.99600005
0.99600005
0.99600005
0.9940001
1.0000001
0.9940001
0.9940001
0.98
0.98600006
0.98200005
0.978
0.97800004
0.99600005
0.98800004
0.984
0.99600005
0.998
0.9940001
0.99000007
0.9940001
1.0000001
1.0000001
0.992
0.9920001
0.99600005
0.99600005
0.994
0.9940001
0.9960001
0.9920001
0.99600005
0.9980001
0.99800014
0.99600005
0.98600006
0.99600005
0.9940001
1.0000001
1.0000001
0.98800004
0.99600005
0.9920001
0.9940001
0.97800004
0.98599994
0.918
0.95800006
0.98
0.9940001
0.99399996
0.9940001
0.9940001
0.99200004
0.998
1.0000001
0.99600005
0.99
0.99600005
0.99600005
0.992
0.99
0.9940001
0.998
0.9940001
0.992
0.9940001
0.99200004
0.994
0.99600005
0.99600005
0.99
0.9940001
0.994
0.99600005
0.99600005
0.992
1.0000001
0.98600006
0.9960001
0.992
0.9940001
0.9940001
0.978
0.97999996
0.99
0.9800001
0.9460001
0.8740001
0.942
0.97
0.96400005
0.9760001
0.982
0.99600005
0.99600005
0.9920001
0.9940001
0.99399996
0.9940001
0.99600005
0.9940001
0.9940001
0.9940001
0.9980001
0.998
0.998
0.998
0.9900001
0.994
0.9940001
0.9920001
0.99600005
0.98800004
0.98800004
0.992
0.99600005
1.0000001
0.992
1.0000001
0.99600005
0.99800014
1.0000001
0.99600005
0.99600005
0.9480001
0.98
0.94400007
0.93799996
0.94400007
0.9600001
0.96800005
0.96800005
0.974
0.99200004
0.98599994
0.99
0.98
0.984
0.99
0.99600005
0.99
0.99200004
0.9940001
0.99200004
0.99800014
0.99600005
0.99
0.998
0.998
0.992
0.99600005
0.9900001
0.9900001
0.9940001
0.99
0.9940001
0.99600005
0.992
0.98800004
0.98600006
0.99
0.984
0.9900001
1.0000001
0.99600005
0.9940001
0.99
0.9980001
0.9940001
0.974
0.97599995
0.99
0.99800014
0.98600006
0.99200004
0.986
0.9000001
0.91
0.9940001
0.9940001
0.99600005
1.0000001
0.99600005
0.99600005
0.99600005
0.99
0.99600005
0.99600005
0.98800004
0.9940001
0.9920001
0.99
0.99600005
0.9920001
0.9940001
0.992
0.98800004
0.9940001
0.9960001
0.99800014
0.99600005
0.99
0.99600005
0.9940001
0.99600005
0.9920001
0.9920001
0.99
0.99600005
0.972
0.95800006
0.94000006
0.9380001
0.98800004
0.95600003
0.974
0.9200001
0.9040001
0.998
0.938
0.9480001
0.984
0.97200006
0.98800004
0.95
0.91200006
0.91800004
0.926
0.924
0.938
0.9840001
0.958
0.984
0.986
0.9920001
0.99
0.99600005
0.98600006
0.98800004
0.9940001
0.998
0.9920001
0.9920001
0.99600005
1.0000001
0.99600005
0.992
0.99600005
0.992
0.992
0.99600005
0.99800014
0.9940001
0.998
0.99800014
0.998
0.99600005
0.9980001
0.992
0.99600005
0.98800004
0.99600005
0.99800014
0.99600005
0.9960001
0.9880001
0.99600005
0.9940001
0.992
0.99600005
0.998
0.8600001
0.834
0.788
0.822
0.898
0.904
0.9220001
0.938
0.95199996
0.98200005
0.9840001
0.9900001
0.9920001
0.992
0.998
1.0000001
0.9940001
0.99600005
0.98600006
0.99600005
0.976
0.96400005
0.97999996
0.98000014
0.98800004
0.992
1.0000001
0.998
0.998
0.99600005
0.998
0.99800014
0.9940001
0.99600005
0.9980001
0.99600005
0.9920001
1.0000001
0.99000007
0.9920001
0.99600005
0.998
0.9920001
0.998
0.99600005
0.99
0.98800004
0.99
0.9960001
0.9940001
0.9940001
0.98600006
0.9940001
0.99
0.9940001
0.78200006
0.69
0.7
0.68399996
0.69399995
0.71999997
0.76799995
0.80999994
0.806
0.85400003
0.844
0.832
0.7860001
0.80799997
0.84400004
0.85800004
0.8460001
0.884
0.86200005
0.88
0.9100001
0.884
0.88399994
0.84800005
0.83799994
0.832
0.828
0.8540001
0.882
0.918
0.88799995
0.876
0.926
0.97400004
0.892
0.92800003
0.9700001
0.88399994
0.94200003
0.98600006
0.99600005
0.998
0.9940001
0.99800014
0.99600005
0.99
0.9980001
1.0000001
0.99800014
0.9960001
0.992
0.9940001
0.9980001
0.9940001
0.98800004
0.9960001
0.9940001
0.99800014
0.9940001
0.998
0.99600005
0.9940001
0.99600005
0.9940001
0.974
0.954
0.942
0.92399997
0.95800006
0.99
0.98800004
0.9920001
0.98800004
0.99600005
0.98399997
0.9900001
0.98
0.96000004
0.97400004
0.95000005
0.978
0.99800014
0.98800004
0.98800004
0.9960001
0.99800014
0.9940001
0.99399996
0.998
0.99800014
0.958
0.962
0.99
0.98399997
0.998
0.998
0.9940001
0.998
1.0000001
0.99600005
0.98600006
0.984
0.98800004
0.99600005
0.99600005
0.99600005
0.998
0.9940001
0.998
0.99600005
1.0000001
0.9920001
0.99600005
0.99600005
0.99600005
0.99600005
0.9940001
0.99200004
0.9920001
0.998
0.998
1.0000001
0.99600005
0.99600005
0.9940001
0.99000007
0.96799994
0.844
0.81200004
0.816
0.832
0.854
0.884
0.9
0.92800003
0.9220001
0.94200003
0.862
0.908
0.93600005
0.9520001
0.97400004
0.97200006
0.966
0.962
0.982
0.974
0.97400004
0.98399997
0.964
0.97400004
0.97400004
0.97
0.962
0.982
0.986
0.98800004
0.986
0.964
0.98200005
0.98800004
0.99399996
0.83400005
0.622
0.57600003
0.598
0.524
0.534
0.54999995
0.55
0.602
0.66
0.65
0.65400004
0.64800006
0.5999999
0.63199997
0.6679999
0.722
0.72200006
0.804
0.734
0.73600006
0.78200006
0.76400006
0.804
0.8019999
0.84000003
0.87600005
0.91400003
0.96000004
0.9879999
0.98600006
0.99
0.98600006
0.9800001
0.97800004
0.97200006
0.97400004
0.9920001
0.984
0.98399997
0.97
0.9600001
0.982
0.98800004
0.99600005
0.9960001
0.99600005
0.99600005
0.9940001
0.9940001
0.9960001
0.99800014
0.99800014
0.998
1.0000001
0.992
0.99600005
0.99600005
1.0000001
0.9980001
1.0000001
0.97200006
0.966
0.97
0.9920001
0.992
0.99600005
0.998
0.9980001
0.99800014
0.99
0.96800005
0.9920001
0.99200004
0.9920001
0.99600005
0.998
0.9960001
0.99800014
0.99600005
0.998
0.99600005
0.9940001
0.98800004
0.998
0.99600005
0.9960001
0.99600005
0.998
0.9940001
0.99600005
0.9940001
1.0000001
0.94
0.588
0.592
0.75600004
0.844
0.91999996
0.99600005
0.9840001
0.998
0.9940001
0.934
0.99600005
0.99600005
1.0000001
0.9940001
0.99600005
0.9940001
0.99600005
0.9900001
0.9940001
0.99000007
0.97800004
0.9740001
0.948
0.9640001
0.986
0.99200004
0.9940001
0.99600005
0.99600005
1.0000001
0.878
0.97400004
0.95400006
0.8320001
0.81
0.93000007
0.81200004
0.70600003
0.636
0.688
0.812
0.88
0.9620001
0.99200004
0.98200005
0.99200004
0.9940001
0.99600005
0.998
0.99600005
1.0000001
0.994
1.0000001
0.99600005
0.98800004
0.99600005
0.986
0.99
0.99600005
0.9940001
0.998
1.0000001
1.0000001
1.0000001
0.99600005
0.998
0.992
0.99399996
0.99
0.99800014
0.99600005
1.0000001
0.99
0.99600005
0.99800014
0.9940001
0.99600005
0.99
0.9880001
0.99600005
0.99600005
0.998
0.9940001
0.99600005
0.99600005
0.9980001
1.0000001
0.99200004
0.998
0.9960001
1.0000001
0.99200004
0.99200004
0.9940001
0.9940001
0.99800014
0.99600005
0.98800004
0.99000007
0.99800014
0.99600005
0.99800014
0.99600005
0.992
0.99800014
0.986
0.98600006
0.992
0.99
0.9840001
0.98399997
0.99800014
0.998
0.9940001
0.99600005
0.99600005
0.9920001
0.9620001
0.9940001
0.9920001
0.99600005
0.9900001
0.9640001
0.99800014
0.99
0.99800014
0.998
0.99600005
0.998
0.998
0.98599994
0.9080001
0.93
0.85
0.934
0.998
0.942
0.886
0.97
0.97800004
0.9880001
0.9920001
0.992
0.998
0.98600006
0.9940001
0.99
0.99600005
0.98600006
0.99000007
0.99600005
0.9960001
0.9940001
0.99600005
0.99000007
0.99600005
1.0000001
0.9940001
0.9940001
0.99800014
0.99600005
0.99600005
0.998
0.992
0.9840001
0.98600006
0.992
0.99800014
0.9980001
0.99600005
0.998
0.99800014
1.0000001
0.9960001
1.0000001
0.984
0.9900001
0.998
0.99600005
0.9940001
0.98800004
0.9940001
0.9940001
0.9960001
0.998
0.99600005
0.9900001
0.9940001
0.98600006
0.9920001
0.99200004
0.99200004
0.992
0.99000007
0.99200004
0.99600005
0.9940001
0.998
0.9940001
0.9960001
0.99200004
0.99600005
0.998
0.9960001
0.98800004
0.9940001
0.99200004
0.992
0.98200005
0.992
0.99200004
0.98800004
0.98800004
0.9660001
1.0000001
0.99800014
0.98800004
0.99200004
0.99399996
0.998
0.97800004
0.9660001
0.978
0.99600005
0.77199996
0.64599997
0.61399996
0.69
0.81
0.816
0.818
0.832
0.832
0.8540001
0.74000007
0.67399997
0.75
0.742
0.778
0.842
0.854
0.92800003
0.93200016
0.97
0.97800004
0.9760001
0.95000005
0.97599995
0.97800004
0.9780001
0.9940001
0.99600005
0.98399997
0.98800004
0.9840001
0.97599995
0.99
0.9920001
0.99
0.9980001
0.99600005
1.0000001
0.99800014
0.99600005
0.9980001
1.0000001
0.99800014
0.99800014
0.99800014
0.998
0.99800014
0.99
0.978
0.99800014
0.9940001
0.99600005
0.99600005
0.9940001
0.99800014
1.0000001
0.998
0.9980001
1.0000001
1.0000001
0.998
1.0000001
0.998
1.0000001
0.99600005
0.99800014
1.0000001
0.998
0.9940001
1.0000001
0.998
0.99600005
0.99800014
0.998
1.0000001
0.998
0.998
0.99800014
0.99800014
0.99800014
0.99600005
0.99600005
0.9940001
0.9940001
0.99600005
0.98800004
1.0000001
0.9920001
0.9720001
0.982
0.96000004
0.9840001
0.97
0.98
0.9760001
0.98399997
0.97
0.9840001
0.99000007
0.99400014
0.98200005
0.98399997
0.98
0.97
0.97400004
0.9940001
0.98
0.99
0.9940001
0.992
0.918
0.9920001
0.90400004
0.92
0.898
0.9240001
0.94400007
0.98600006
0.98800004
0.988
0.95000005
0.9840001
1.0000001
0.9920001
0.9920001
0.998
0.99600005
0.994
0.99600005
1.0000001
0.99600005
0.9980001
1.0000001
0.99800014
0.99600005
0.99600005
0.998
0.998
0.998
1.0000001
0.9940001
0.994
0.99800014
0.9940001
1.0000001
0.9920001
0.998
0.98600006
1.0000001
1.0000001
0.9920001
0.99800014
1.0000001
0.998
0.9940001
1.0000001
1.0000001
0.9940001
1.0000001
1.0000001
0.994
0.99600005
1.0000001
1.0000001
1.0000001
0.99800014
0.9940001
1.0000001
0.99800014
0.99800014
1.0000001
1.0000001
0.998
0.998
0.99600005
0.9920001
0.99600005
0.9940001
0.9940001
0.9940001
0.998
1.0000001
0.99600005
0.99600005
0.9980001
1.0000001
0.99600005
0.99600005
1.0000001
0.99600005
0.91600007
0.93000007
0.95400006
0.972
0.954
0.924
0.934
0.98600006
0.684
0.658
0.59599996
0.64000005
0.732
0.77000004
0.814
0.81799996
0.81
0.852
0.90400004
0.88600004
0.93200004
0.97
0.9200001
0.89
0.9140001
0.606
0.56
0.59000003
0.71
0.696
0.74
0.782
0.86
0.83800006
0.86
0.87
0.91400003
0.9520001
0.98
0.97
0.98399997
0.98600006
0.986
0.986
0.976
0.9700001
0.972
0.982
0.99200004
0.99200004
0.99800014
1.0000001
0.98600006
0.9920001
0.99800014
0.9920001
0.99600005
0.99000007
0.9940001
0.99600005
0.9940001
0.99600005
0.9940001
0.9940001
0.98600006
0.99800014
0.998
0.9940001
0.96400005
0.9920001
0.99600005
0.962
0.952
0.9320001
0.93800014
0.93000007
0.94200003
0.96
0.97800004
0.99000007
0.988
0.9880001
0.98599994
0.992
0.99600005
0.99800014
0.9940001
0.9940001
0.99600005
1.0000001
0.998
0.99800014
0.9920001
0.9940001
0.9940001
0.9940001
0.99800014
0.9940001
0.99600005
0.99600005
0.9980001
0.99800014
0.998
0.9980001
1.0000001
0.9940001
0.9940001
0.99200004
0.98600006
0.988
0.976
0.968
0.99
0.988
0.98
0.99
0.99800014
0.99600005
1.0000001
0.99800014
0.998
0.9940001
0.9940001
0.99600005
0.992
0.99600005
0.9760001
0.982
0.9840001
0.98200005
0.972
0.9660001
0.9800001
0.992
0.984
0.982
0.98399997
0.9800001
0.98800004
0.99600005
0.9940001
0.98800004
0.9840001
0.9940001
0.998
0.9960001
1.0000001
0.99600005
1.0000001
1.0000001
0.9940001
0.99800014
1.0000001
1.0000001
0.99200004
1.0000001
0.99800014
0.994
0.99200004
0.99600005
1.0000001
0.99000007
0.99600005
0.99600005
0.99800014
0.998
0.9940001
0.9940001
0.99800014
0.99600005
0.9980001
0.998
0.99800014
1.0000001
1.0000001
1.0000001
0.99600005
0.9879999
0.98600006
0.9760001
0.95400006
0.98
0.972
0.98600006
0.9960001
0.98
0.982
0.99
0.986
0.98800004
0.9940001
0.99800014
0.9940001
0.99600005
0.998
1.0000001
0.99600005
1.0000001
0.99600005
1.0000001
1.0000001
0.998
0.99600005
0.99800014
0.99800014
0.99600005
0.9920001
0.986
0.98600006
0.98600006
0.9740001
0.9940001
0.97
0.9600001
0.97800004
0.98200005
0.99399996
0.99
0.97599995
0.99600005
0.99600005
1.0000001
0.99600005
0.99800014
1.0000001
0.99600005
0.998
0.99800014
1.0000001
0.99600005
0.998
0.998
0.998
0.998
0.99800014
0.99800014
1.0000001
0.99000007
1.0000001
1.0000001
0.99600005
0.99600005
0.99200004
1.0000001
1.0000001
0.998
0.99600005
0.98600006
0.99600005
0.9940001
0.994
0.9920001
0.98
0.9620001
0.98800004
0.944
0.96800005
0.992
0.98800004
0.95800006
0.97
0.972
0.97600013
0.99200004
0.98600006
0.99
0.9940001
0.99
0.9900001
0.99800014
1.0000001
0.98800004
0.99
0.982
0.99000007
0.9940001
0.98800004
0.99000007
0.99600005
0.9940001
0.9940001
0.994
0.9940001
0.9940001
0.99600005
0.99800014
0.9940001
0.9960001
0.998
0.99800014
0.998
0.99800014
0.9940001
0.992
0.99600005
0.998
1.0000001
0.998
1.0000001
1.0000001
1.0000001
0.99600005
0.9920001
0.9940001
0.992
0.99600005
0.99800014
0.998
0.99800014
0.99600005
0.9940001
0.99600005
0.998
0.99800014
0.998
0.90400004
0.902
0.9080001
0.9480001
0.944
0.98
0.97
0.9660001
0.9940001
0.9940001
0.98200005
0.97800004
0.9840001
1.0000001
0.998
0.99600005
0.9280001
0.91200006
0.97400004
0.838
0.82800007
0.998
0.832
0.824
0.86
0.91
0.94000006
0.9540001
0.9620001
0.952
0.98
0.9620001
0.9480001
0.97
0.972
0.98200005
0.974
0.9760001
0.97199994
0.984
0.98
0.99
0.99800014
0.9940001
0.98800004
0.99600005
0.998
0.9960001
0.998
0.99
0.99600005
0.99600005
0.992
1.0000001
0.9840001
0.988
0.99
0.98800004
0.98000014
0.98
0.99
0.9940001
0.9920001
0.998
1.0000001
0.99600005
0.998
1.0000001
0.99600005
0.9980001
1.0000001
1.0000001
0.99800014
1.0000001
0.99600005
1.0000001
0.99800014
0.99800014
0.99800014
0.998
0.99800014
0.9940001
1.0000001
0.998
0.99600005
0.998
1.0000001
0.99600005
0.99600005
0.9940001
0.998
0.99600005
0.99600005
0.99800014
0.99600005
1.0000001
0.99600005
0.998
0.9940001
0.998
0.9940001
0.99800014
1.0000001
0.99600005
0.99800014
0.9940001
1.0000001
0.99600005
1.0000001
0.998
1.0000001
0.99600005
0.9940001
1.0000001
0.998
1.0000001
0.99800014
0.99600005
1.0000001
0.99600005
0.9940001
1.0000001
1.0000001
1.0000001
1.0000001
1.0000001
1.0000001
0.998
1.0000001
1.0000001
1.0000001
1.0000001
1.0000001
1.0000001
0.9980001
1.0000001
0.998
1.0000001
1.0000001
1.0000001
0.99800014
1.0000001
0.998
1.0000001
1.0000001
0.99800014
0.99600005
0.998
0.99800014
0.998
0.99600005
1.0000001
1.0000001
1.0000001
0.9940001
0.99600005
0.99600005
0.998
0.99600005
1.0000001
1.0000001
1.0000001
1.0000001
1.0000001
0.998
1.0000001
0.998
0.998
0.99600005
0.998
0.99800014
1.0000001
0.998
1.0000001
1.0000001
1.0000001
0.9940001
0.998
0.9940001
0.99800014
0.998
0.99800014
0.99800014
0.99800014
1.0000001
1.0000001
0.998
0.998
0.99800014
0.998
0.998
0.998
0.998
0.99600005
0.9960001
0.99600005
0.998
1.0000001
1.0000001
1.0000001
0.998
1.0000001
1.0000001
0.99600005
0.998
1.0000001
0.9940001
0.99800014
0.99600005
0.99
0.99600005
0.99600005
1.0000001
0.99800014
0.99800014
0.99600005
0.9980001
0.9980001
1.0000001
0.998
0.99600005
0.998
1.0000001
1.0000001
1.0000001
1.0000001
0.99600005
1.0000001
0.998
0.99600005
1.0000001
0.998
0.99600005
0.99600005
0.998
0.99600005
1.0000001
0.998
0.9940001
0.998
0.99600005
1.0000001
0.998
0.9980001
0.9940001
0.99600005
0.9960001
0.99600005
0.99600005
0.998
1.0000001
1.0000001
1.0000001
1.0000001
0.998
1.0000001
1.0000001
1.0000001
0.998
0.99600005
0.998
0.998
0.9940001
1.0000001
0.998
0.99800014
1.0000001
1.0000001
1.0000001
1.0000001
0.99600005
0.99800014
1.0000001
1.0000001
0.99800014
0.99600005
0.9980001
1.0000001
0.99600005
0.998
0.99600005
0.99800014
0.99600005
0.9960001
0.998
1.0000001
0.9940001
0.99600005
1.0000001
1.0000001
0.99800014
0.804
0.97800004
0.52400005
0.472
0.552
0.608
0.59
0.78200006
0.634
0.586
0.5820001
0.572
0.624
0.594
0.584
0.624
0.62799996
0.596
0.646
0.61399996
0.652
0.71
0.712
0.76
0.77000004
0.76800007
0.766
0.754
0.75000006
0.75600004
0.78
0.786
0.778
0.80200005
0.82800007
0.824
0.808
0.80799997
0.80200005
0.83000004
0.8360001
0.834
0.854
0.8600001
0.88
0.86600006
0.86800003
0.86
0.8820001
0.872
0.9080001
0.916
0.9420001
0.90199995
0.91599995
0.9080001
0.90400004
0.90200007
0.94
0.94
0.934
0.944
0.94800013
0.952
0.96199995
0.966
0.97
0.9660001
0.96000004
0.95
0.9840001
0.97
0.9840001
0.9800001
0.968
0.9840001
0.972
0.984
0.964
0.98
0.982
0.982
0.98600006
0.98800004
0.99
0.984
0.98600006
0.9880001
0.97200006
0.98800004
0.98800004
0.9920001
0.9940001
0.99800014
0.99
0.99800014
0.99800014
1.0000001
1.0000001
1.0000001
1.0000001
0.99800014
1.0000001
0.992
0.9900001
0.99
0.99600005
0.9940001
0.99800014
0.99200004
1.0000001
0.99600005
0.99800014
0.99800014
0.998
0.998
1.0000001
0.998
1.0000001
0.998
0.99800014
1.0000001
0.99800014
0.9940001
1.0000001
0.99600005
0.99
1.0000001
0.99800014
0.998
1.0000001
0.998
1.0000001
0.99600005
1.0000001
1.0000001
1.0000001
0.998
1.0000001
1.0000001
1.0000001
0.9980001
0.998
0.99800014
0.99600005
1.0000001
1.0000001
1.0000001
1.0000001
0.99800014
0.9980001
1.0000001
0.99600005
0.998
0.99600005
1.0000001
1.0000001
0.9980001
1.0000001
0.9940001
0.99600005
1.0000001
0.998
0.998
1.0000001
0.99600005
0.998
0.99800014
1.0000001
0.99600005
0.99600005
1.0000001
0.99400014
0.9920001
0.9980001
0.99600005
0.998
0.9940001
1.0000001
0.99600005
0.99800014
1.0000001
1.0000001
1.0000001
0.99800014
0.99600005
0.9980001
0.99800014
0.9980001
0.998
0.99600005
1.0000001
0.992
0.9980001
0.99600005
0.99800014
0.998
1.0000001
0.9940001
0.99800014
0.99800014
0.998
1.0000001
0.998
0.998
0.99600005
0.99600005
1.0000001
1.0000001
1.0000001
0.99600005
1.0000001
0.998
0.99600005
0.99800014
0.99600005
0.9940001
1.0000001
1.0000001
0.99800014
1.0000001
0.9940001
0.99600005
0.998
0.9940001
1.0000001
0.9980001
1.0000001
0.99800014
0.994
0.99800014
0.99800014
0.99600005
0.998
0.99800014
1.0000001
0.998
1.0000001
1.0000001
0.99800014
0.99600005
0.9940001
1.0000001
0.99600005
1.0000001
0.998
0.99600005
1.0000001
0.99800014
1.0000001
1.0000001
1.0000001
0.998
0.99600005
1.0000001
1.0000001
0.998
0.998
1.0000001
1.0000001
1.0000001
1.0000001
0.998
0.9940001
0.99600005
0.99600005
0.99600005
0.998
0.99600005
0.998
1.0000001
1.0000001
0.998
1.0000001
1.0000001
1.0000001
0.9980001
0.9940001
0.99800014
0.99800014
0.99800014
0.99800014
1.0000001
0.99800014
0.99600005
1.0000001
0.99600005
0.998
1.0000001
0.998
0.99800014
0.99600005
1.0000001
0.99600005
1.0000001
0.998
0.998
0.99600005
0.99600005
0.998
0.99800014
1.0000001
0.99800014
0.962
0.98
0.928
0.986
0.748
0.71000004
0.782
0.9920001
0.704
0.60599995
0.634
0.692
0.64
0.706
0.65599996
0.726
0.754
0.77199996
0.84200007
0.852
0.88
0.89
0.916
0.902
0.862
0.898
0.852
0.842
0.87600005
0.89
0.95800006
0.95800006
0.952
0.956
0.95600003
0.93799996
0.94000006
0.944
0.974
0.99800014
0.9920001
0.99800014
0.9980001
0.9940001
0.99800014
0.99800014
0.99800014
0.9940001
0.99600005
0.9940001
0.9980001
0.9940001
0.99600005
1.0000001
1.0000001
1.0000001
0.9940001
0.9940001
0.998
0.994
0.99600005
0.99600005
0.99600005
1.0000001
0.99600005
0.9940001
0.9920001
0.99600005
0.998
0.99600005
0.99800014
0.998
1.0000001
0.998
0.99600005
0.9940001
0.8900001
0.742
0.64400005
0.74599993
0.73399997
0.7760001
0.762
0.81
0.8000001
0.80999994
0.824
0.836
0.82800007
0.87
0.916
0.91600007
0.948
0.94200003
0.964
0.96400005
0.98
0.97800004
0.982
0.9920001
0.9920001
0.99200004
0.9900001
0.99600005
0.9940001
0.99600005
0.998
0.998
0.9920001
0.9920001
1.0000001
0.998
0.99600005
0.99600005
0.99600005
0.99800014
0.99600005
0.99600005
1.0000001
0.99200004
1.0000001
0.99800014
0.9980001
0.9940001
0.99600005
0.99200004
1.0000001
0.9940001
0.9940001
0.99600005
1.0000001
0.9980001
0.998
1.0000001
0.99600005
0.9940001
0.9980001
0.998
0.9940001
1.0000001
1.0000001
0.99600005
1.0000001
1.0000001
0.998
0.9940001
0.998
0.9980001
0.99600005
0.99800014
0.99800014
0.99800014
1.0000001
0.99600005
0.9980001
0.9940001
1.0000001
0.998
1.0000001
0.9980001
0.998
1.0000001
0.99600005
1.0000001
1.0000001
0.99600005
1.0000001
0.99600005
0.99600005
1.0000001
0.99600005
1.0000001
1.0000001
0.99800014
1.0000001
1.0000001
0.99800014
1.0000001
1.0000001
0.998
0.99600005
0.99600005
0.998
0.99600005
0.9960001
0.9920001
0.9940001
0.998
0.9940001
0.998
0.9940001
0.99800014
0.99600005
0.99800014
0.99800014
0.99600005
0.998
0.998
0.99800014
1.0000001
0.9980001
0.99600005
0.99800014
1.0000001
0.9980001
0.9920001
0.99600005
0.9940001
0.99600005
0.99600005
1.0000001
1.0000001
0.9940001
1.0000001
1.0000001
1.0000001
1.0000001
0.9980001
0.998
1.0000001
0.99800014
1.0000001
0.998
0.998
1.0000001
0.99800014
0.998
0.99800014
0.9920001
0.99600005
1.0000001
0.9960001
0.99800014
1.0000001
0.998
0.99600005
1.0000001
0.9980001
0.998
0.99800014
1.0000001
0.99600005
0.998
1.0000001
0.99800014
0.9920001
0.99600005
0.9940001
1.0000001
0.998
1.0000001
1.0000001
1.0000001
0.99600005
0.9920001
0.9940001
0.9940001
0.9980001
0.99800014
0.9960001
0.9980001
1.0000001
0.9940001
0.99800014
0.99600005
0.99800014
0.998
0.998
0.9940001
1.0000001
0.99800014
0.998
0.99800014
1.0000001
0.99600005
0.998
0.9940001
0.9940001
0.998
0.99600005
0.998
0.99600005
0.99600005
1.0000001
0.99600005
0.96800005
0.95600003
0.972
0.99399996
0.998
0.99600005
0.9940001
0.998
1.0000001
0.99800014
0.984
0.9700001
0.99800014
0.998
0.99
0.988
1.0000001
0.998
0.99800014
0.9940001
0.65400004
0.85600007
0.48999995
0.452
0.508
0.544
0.65400004
0.66999996
0.68799996
0.694
0.76400006
0.768
0.768
0.8060001
0.8780001
0.934
0.91800004
0.94200003
0.9380001
0.9620001
0.9640001
0.94799995
0.956
0.9600001
0.97200006
0.964
0.98800004
0.99
0.998
0.998
1.0000001
0.99399996
0.9940001
0.99600005
1.0000001
0.99600005
1.0000001
0.9980001
0.99200004
0.9940001
0.99600005
0.99600005
0.9940001
0.9940001
0.99800014
0.998
0.9960001
0.99600005
0.998
0.9940001
1.0000001
0.99600005
0.9940001
0.99800014
0.9940001
0.9980001
0.9940001
0.99600005
0.998
1.0000001
0.9940001
1.0000001
1.0000001
0.99600005
0.99399996
0.9940001
0.9960001
1.0000001
1.0000001
0.99600005
0.99600005
0.9980001
0.9940001
0.99800014
0.99800014
0.99600005
0.998
0.99600005
0.9940001
0.9940001
0.9960001
0.99800014
1.0000001
0.99800014
0.9940001
1.0000001
0.9960001
1.0000001
1.0000001
0.99600005
1.0000001
0.99800014
0.99800014
1.0000001
1.0000001
0.99600005
0.998
1.0000001
0.99800014
0.988
0.99800014
0.994
0.9920001
1.0000001
0.9980001
1.0000001
0.99800014
1.0000001
1.0000001
0.9940001
0.9940001
0.9960001
0.99600005
0.98800004
0.94799995
0.95800006
0.97400004
0.98800004
0.9500001
0.902
0.89
0.918
0.9380001
0.93200004
0.95600003
0.94600004
0.958
0.954
0.9640001
0.9620001
0.96800005
0.9660001
0.96400005
0.974
0.986
0.976
0.98200005
0.98
0.982
0.9920001
0.99
0.9920001
0.97800004
0.97
0.984
0.992
0.9940001
0.9940001
0.99200004
0.99800014
0.998
0.9940001
0.99000007
1.0000001
0.9940001
0.9940001
0.99800014
0.99800014
1.0000001
0.998
1.0000001
0.998
0.99800014
0.99600005
1.0000001
1.0000001
0.998
0.998
0.9920001
0.99399996
0.998
0.99800014
1.0000001
0.9940001
0.99600005
1.0000001
0.99600005
0.998
0.99800014
0.99800014
0.998
1.0000001
1.0000001
0.998
1.0000001
0.99600005
0.9940001
1.0000001
1.0000001
1.0000001
0.998
1.0000001
1.0000001
0.99800014
1.0000001
0.99600005
1.0000001
0.99600005
1.0000001
0.99800014
0.9960001
1.0000001
0.99600005
0.99600005
1.0000001
1.0000001
0.998
1.0000001
0.9940001
0.99800014
0.9940001
1.0000001
0.9940001
0.99800014
1.0000001
0.99600005
0.998
1.0000001
1.0000001
0.998
0.99600005
0.998
0.99600005
1.0000001
1.0000001
1.0000001
0.99600005
0.998
1.0000001
1.0000001
0.998
1.0000001
0.9940001
1.0000001
0.99800014
1.0000001
0.9940001
0.99600005
0.99800014
0.9940001
0.99600005
1.0000001
0.99600005
0.884
0.73399997
0.782
0.95000005
0.99
0.9940001
0.998
0.9980001
0.98600006
0.98600006
0.99000007
0.98399997
0.99800014
0.98800004
0.98800004
0.99000007
0.9940001
0.99600005
0.9920001
0.9940001
0.9940001
0.9940001
0.99200004
0.9980001
0.98800004
0.96599996
0.974
0.99000007
0.9940001
0.99200004
1.0000001
0.9940001
0.998
0.998
0.998
0.9920001
1.0000001
0.99800014
0.99600005
0.99600005
1.0000001
1.0000001
1.0000001
1.0000001
0.99600005
1.0000001
0.99800014
0.99600005
0.998
0.99600005
0.99800014
0.99600005
1.0000001
0.99600005
0.99800014
1.0000001
0.998
1.0000001
0.99800014
0.998
1.0000001
1.0000001
0.99600005
0.9940001
0.9960001
1.0000001
1.0000001
1.0000001
0.998
1.0000001
1.0000001
0.998
1.0000001
0.998
0.998
1.0000001
1.0000001
0.9960001
1.0000001
1.0000001
1.0000001
1.0000001
0.99600005
0.998
0.99600005
0.99800014
0.99800014
1.0000001
1.0000001
0.998
1.0000001
0.99600005
1.0000001
0.99600005
0.99800014
0.99600005
0.998
0.998
1.0000001
0.9940001
0.9980001
1.0000001
1.0000001
1.0000001
1.0000001
0.99800014
1.0000001
0.99800014
1.0000001
0.99600005
0.998
0.99600005
0.99600005
0.99600005
1.0000001
1.0000001
0.99600005
1.0000001
0.998
0.998
0.99600005
0.998
1.0000001
0.99399996
0.998
0.99600005
1.0000001
0.992
0.99600005
0.998
0.998
0.9940001
0.99800014
1.0000001
0.998
1.0000001
1.0000001
0.998
0.998
1.0000001
0.998
0.99800014
0.99600005
0.998
1.0000001
0.99600005
0.998
1.0000001
0.998
1.0000001
1.0000001
1.0000001
0.9980001
0.99600005
0.99600005
0.99800014
1.0000001
1.0000001
0.998
1.0000001
0.998
0.99600005
0.9980001
0.99600005
0.998
1.0000001
0.99600005
0.998
1.0000001
0.9940001
1.0000001
0.998
1.0000001
1.0000001
1.0000001
0.99600005
0.9940001
0.99600005
1.0000001
1.0000001
0.99600005
0.99800014
1.0000001
0.998
1.0000001
0.99800014
0.99800014
0.99600005
0.99600005
0.998
1.0000001
1.0000001
0.99600005
0.99800014
0.99800014
0.99800014
0.99800014
1.0000001
0.998
0.9980001
0.998
1.0000001
0.99800014
0.998
0.99800014
1.0000001
0.99600005
0.998
0.99800014
0.9940001
0.998
1.0000001
1.0000001
0.9980001
1.0000001
0.99800014
0.99800014
1.0000001
1.0000001
1.0000001
0.99600005
1.0000001
1.0000001
1.0000001
1.0000001
1.0000001
1.0000001
0.99600005
0.998
0.99600005
0.99800014
0.9960001
0.99600005
0.9940001
0.99600005
0.97800004
0.97800004
0.98600006
0.832
0.9840001
0.964
0.936
0.596
0.776
0.974
0.9940001
0.9940001
0.9920001
1.0000001
0.964
0.946
0.96000004
0.9800001
0.98800004
0.98
0.978
0.98
0.98
0.99600005
0.98800015
0.98800004
0.96400005
0.9840001
0.97
0.98800004
0.97400004
0.98600006
0.986
0.9840001
0.9940001
0.982
1.0000001
0.99600005
0.99600005
0.9980001
0.9920001
0.992
0.9940001
0.99200004
0.99600005
0.998
0.99600005
0.99800014
0.99200004
0.99600005
0.99600005
0.9920001
0.99600005
0.9940001
1.0000001
1.0000001
0.99600005
0.99600005
1.0000001
1.0000001
1.0000001
0.998
0.99600005
0.99399996
0.98800004
0.998
0.998
0.9940001
0.998
0.998
1.0000001
0.99600005
1.0000001
0.9940001
1.0000001
0.998
0.99600005
0.99800014
0.99600005
0.998
0.998
0.99600005
0.9960001
0.9940001
0.99600005
0.99200004
0.9940001
1.0000001
0.99600005
0.998
1.0000001
1.0000001
0.9940001
0.9940001
0.998
0.998
0.99800014
0.998
0.98800004
0.992
0.99600005
0.99600005
0.9940001
1.0000001
0.98600006
0.9840001
0.99000007
0.99600005
0.9940001
0.99600005
0.9920001
0.99600005
0.99600005
0.99200004
1.0000001
0.99600005
1.0000001
1.0000001
0.998
0.998
0.998
0.99600005
0.9940001
1.0000001
0.9940001
0.9940001
1.0000001
0.992
0.998
1.0000001
0.992
0.998
0.9980001
0.9960001
1.0000001
0.998
0.9980001
0.998
1.0000001
0.99800014
0.99800014
1.0000001
0.9940001
0.9940001
0.99600005
1.0000001
0.9940001
0.99800014
1.0000001
0.99600005
1.0000001
0.99600005
0.998
1.0000001
0.99600005
1.0000001
0.99600005
0.99600005
0.99600005
0.998
0.99200004
0.99800014
0.998
1.0000001
0.998
1.0000001
1.0000001
1.0000001
0.99800014
0.99600005
1.0000001
0.998
0.99800014
0.998
1.0000001
0.998
0.99800014
0.99600005
1.0000001
1.0000001
0.99600005
0.998
0.99600005
1.0000001
0.9960001
0.99600005
0.99800014
1.0000001
0.99600005
0.99800014
0.99800014
1.0000001
0.99600005
0.99800014
0.9940001
0.99800014
1.0000001
1.0000001
1.0000001
1.0000001
0.998
1.0000001
0.998
0.99600005
0.998
1.0000001
0.99800014
0.998
1.0000001
0.99600005
0.99600005
1.0000001
1.0000001
1.0000001
1.0000001
1.0000001
0.9940001
1.0000001
0.99800014
1.0000001
1.0000001
0.99600005
0.998
1.0000001
0.9960001
0.99800014
1.0000001
0.998
0.998
1.0000001
0.998
0.998
1.0000001
1.0000001
1.0000001
0.99600005
1.0000001
1.0000001
0.9940001
0.99800014
1.0000001
0.998
1.0000001
0.998
1.0000001
1.0000001
0.99800014
0.99600005
0.9960001
1.0000001
0.9920001
0.99600005
0.99600005
1.0000001
0.9980001
1.0000001
0.9940001
0.99800014
0.99800014
0.99600005
0.99800014
1.0000001
0.99800014
0.99600005
0.99800014
1.0000001
0.99600005
0.99600005
0.99800014
1.0000001
1.0000001
1.0000001
0.99800014
0.99600005
1.0000001
1.0000001
1.0000001
0.99800014
0.99600005
0.99600005
1.0000001
0.99800014
1.0000001
1.0000001
0.9980001
1.0000001
0.99600005
0.9940001
0.99200004
1.0000001
0.90800005
0.73
0.76199996
0.75
0.75600004
0.81200004
0.79999995
0.83
0.906
0.9360001
0.982
0.91400003
0.866
0.75000006
0.79800004
0.918
0.92600006
0.924
0.9200001
0.87000006
0.822
0.858
0.906
0.93200004
0.978
0.948
0.95000005
0.94000006
0.9480001
0.94000006
0.954
0.95000005
0.94400007
0.938
0.95600003
0.954
0.92
0.94600004
0.96400005
0.93600005
0.95800006
0.954
0.96800005
0.9620001
0.978
0.984
0.98399997
0.978
0.9940001
0.992
0.9920001
0.99800014
0.9920001
0.9920001
0.9920001
0.99
0.998
0.9940001
0.9940001
0.998
0.99800014
0.9960001
0.9940001
0.998
0.998
0.99600005
0.99
1.0000001
0.998
0.998
0.99600005
0.99800014
0.99800014
0.998
0.998
1.0000001
0.99600005
0.99600005
0.99800014
0.998
1.0000001
0.998
1.0000001
0.998
1.0000001
0.9940001
0.998
0.99600005
0.998
0.998
1.0000001
1.0000001
0.998
1.0000001
1.0000001
0.998
1.0000001
0.99600005
0.998
0.9940001
1.0000001
0.99600005
1.0000001
0.998
0.998
0.998
0.998
1.0000001
0.998
0.99600005
0.998
0.9960001
0.998
0.99600005
0.99800014
1.0000001
1.0000001
0.99800014
0.9980001
0.99800014
1.0000001
0.998
0.99800014
1.0000001
0.998
0.998
0.99600005
1.0000001
1.0000001
0.9940001
0.96000004
0.9840001
0.96800005
0.92800003
0.916
0.9360001
0.95600003
0.946
0.94
0.9420001
0.964
0.95000005
0.938
0.952
0.9480001
0.9660001
0.96800005
0.984
0.992
0.9940001
0.9940001
0.99600005
0.992
0.99600005
0.99000007
0.9940001
0.998
1.0000001
0.99600005
0.9940001
0.9920001
1.0000001
0.9940001
1.0000001
0.9960001
0.998
0.9420001
0.9520001
0.97800004
0.9780001
0.954
0.88000005
0.914
0.952
0.896
0.99
0.9940001
0.97800004
0.98
0.992
0.992
0.992
0.9900001
0.992
1.0000001
1.0000001
0.99600005
0.9960001
0.9980001
0.99600005
0.99600005
1.0000001
0.998
0.9900001
0.9980001
1.0000001
0.99800014
0.99800014
0.998
0.998
0.99800014
0.99800014
0.99600005
0.9940001
0.99600005
1.0000001
0.99600005
0.9980001
0.99600005
0.9980001
0.99800014
0.99800014
1.0000001
1.0000001
0.99800014
0.9960001
1.0000001
0.9980001
1.0000001
0.99800014
0.99800014
1.0000001
0.99600005
0.998
1.0000001
0.99600005
1.0000001
1.0000001
0.994
1.0000001
0.99600005
0.998
0.9960001
1.0000001
0.99800014
0.998
1.0000001
1.0000001
0.99600005
0.9940001
0.99600005
0.99600005
1.0000001
0.99800014
1.0000001
0.998
0.9940001
0.99800014
0.99800014
0.998
0.99800014
1.0000001
0.99600005
0.9940001
0.99600005
0.99600005
0.99800014
0.998
1.0000001
1.0000001
0.994
0.99800014
0.998
1.0000001
0.998
1.0000001
0.992
0.99800014
0.99800014
0.9980001
0.9940001
1.0000001
0.998
0.998
0.99800014
0.998
0.998
0.99800014
1.0000001
0.99600005
1.0000001
0.9980001
0.99600005
0.992
0.9940001
1.0000001
1.0000001
0.99600005
0.9980001
0.99800014
1.0000001
0.998
0.99800014
0.99600005
0.99600005
0.99800014
1.0000001
1.0000001
1.0000001
0.9920001
0.99600005
1.0000001
1.0000001
0.99600005
0.9980001
0.9940001
1.0000001
1.0000001
0.99399996
1.0000001
0.99600005
1.0000001
0.998
0.9940001
1.0000001
0.998
1.0000001
0.998
0.99800014
0.99600005
1.0000001
0.9980001
0.998
1.0000001
1.0000001
0.998
1.0000001
1.0000001
0.99800014
0.998
1.0000001
1.0000001
0.998
1.0000001
1.0000001
1.0000001
0.99800014
1.0000001
1.0000001
1.0000001
0.99800014
1.0000001
0.9960001
0.9980001
0.998
1.0000001
0.998
1.0000001
0.9980001
0.99800014
0.99800014
0.99800014
1.0000001
0.99800014
0.9980001
0.9980001
0.99800014
1.0000001
1.0000001
0.99600005
0.99600005
0.998
0.99800014
0.99800014
0.99800014
1.0000001
1.0000001
1.0000001
1.0000001
1.0000001
0.99600005
0.9940001
0.99800014
0.998
0.998
1.0000001
1.0000001
1.0000001
1.0000001
0.99600005
0.9940001
0.998
0.998
1.0000001
0.99800014
1.0000001
0.998
0.998
1.0000001
1.0000001
0.9980001
0.9940001
0.99800014
0.99600005
1.0000001
0.99600005
1.0000001
1.0000001
0.9940001
0.99600005
0.9940001
0.99200004
0.99600005
0.9920001
1.0000001
0.9780001
0.9240001
0.92800003
0.9740001
0.9940001
0.998
0.99800014
0.998
0.9960001
0.99600005
1.0000001
0.9940001
0.99600005
0.99800014
0.99800014
0.9940001
0.98800004
0.998
0.998
0.99800014
0.998
0.992
1.0000001
0.99600005
0.9940001
1.0000001
1.0000001
0.99600005
0.9960001
0.9920001
0.9940001
0.99600005
1.0000001
0.99600005
0.99600005
0.998
0.99600005
1.0000001
0.99600005
1.0000001
0.998
0.99600005
1.0000001
1.0000001
0.998
1.0000001
1.0000001
1.0000001
0.99600005
1.0000001
0.99800014
0.9980001
0.9940001
0.9940001
0.9960001
0.99800014
0.998
1.0000001
1.0000001
0.998
1.0000001
0.99600005
1.0000001
0.9980001
0.99800014
0.99600005
1.0000001
0.998
1.0000001
0.99600005
0.998
0.998
0.9980001
1.0000001
0.998
0.9980001
1.0000001
0.99600005
0.998
0.99800014
1.0000001
0.9980001
0.998
0.99600005
0.99600005
1.0000001
1.0000001
0.99800014
0.998
0.998
0.99800014
1.0000001
0.998
0.9980001
0.99800014
0.99600005
1.0000001
0.99600005
0.998
0.99600005
1.0000001
1.0000001
1.0000001
0.994
0.99600005
1.0000001
1.0000001
1.0000001
0.998
1.0000001
0.9960001
1.0000001
1.0000001
0.99800014
0.99800014
0.998
1.0000001
0.9940001
0.998
0.99800014
1.0000001
0.9980001
1.0000001
1.0000001
0.99800014
1.0000001
0.998
1.0000001
1.0000001
0.99800014
1.0000001
1.0000001
0.99800014
1.0000001
0.99600005
1.0000001
0.9940001
0.998
1.0000001
0.99600005
1.0000001
0.9900001
0.998
0.99600005
0.99800014
0.99600005
0.99800014
0.998
0.99800014
0.99800014
0.99800014
1.0000001
0.998
0.9940001
0.99600005
1.0000001
0.998
0.99600005
1.0000001
0.99800014
0.9940001
1.0000001
0.99800014
0.99